0,1
0.5,2
1.5,1
2,2
2.5,3
3,4
3.5,5,1
6.5,1
7,2
7.5,3
8,4
8.5,3
9.5,3
10,2
10.5,1
11.5,1
11.5,3
14,1
14,3
15,2
15,4
16,3
16.5,4
17.5,3
18,4
18.5,1
19,2
19.5,3
22.5,1
23,2
23.5,3
24,1
24.5,2
25.5,3
26,4
26.5,2
27.5,1
29,31,1
29,31,2
29,31,3
29,31,4
32,1
32,2
32.5,3
33,4
33.75,4
34.5,3
35.25,3
36,3
36.75,4
37.5,3
38.25,3
39,39.5,4
40,3
40,4
40.5,1
41,2
41.75,2
42.5,1
43.25,1
44,1
44.75,2
45.5,1
46.25,1
47,47.5,2
48,1
48,2
48.5,3
49,4
49.75,4
50.5,3
51.25,3
52,3
52.75,4
53.5,3
54.25,3
55,55.5,4
56,3
56,4
56.5,1
57,2
57.75,2
58.5,1
59.25,1
60,1
60.75,2
61.5,1
62.25,1
63,63.5,2
64,1
64,2
64.5,3
65,4
65.75,4
66.25,3
67.25,3
68,3
68.75,4
69.5,3
70.25,3
71,71.5,4
72,3
72,4
72.5,1
73,2
73.75,2
74.25,1
75.25,1
76,1
76.75,2
77.5,1
78.25,1
79,79.5,2
80,1
80,2
80.5,3
81,4
81.75,4
82.25,3
83.25,3
84,3
84.75,4
85.5,3
86.25,3
87,87.5,4
88,3
88,4
88.5,1
89,2
89.75,2
90.25,1
91.25,1
92,1
92.75,2
93.5,1
94.25,1
95,95.5,2
95.25,4
95.5,3
95.75,4
96,98,1
99,1
99.5,2
99.75,3
100.25,4
101,3
103.25,4
103.5,3
103.75,4
104,106,1
107,1
107.5,2
107.75,3
108.25,4
108.5,4
109,3
111.25,4
111.5,3
111.75,4
112,113,1
114,1
115,1
115.5,2
115.75,3
116.25,4
117,3
118.25,4
119,3
119.5,4
120,121,1
122,1
122.5,2
123,2
123.5,3
123.75,3
124.25,4
124.5,4
127.25,4
127.5,3
127.75,4
128,129,1
130,1
131,1
131.5,2
131.75,3
132.25,4
133,3
135.25,4
135.5,3
135.75,4
136,137,1
138,1
139,1
139.5,2
139.75,3
140.25,4
140.5,4
141,3
142.5,4
143,3
143.5,4
144,145,1
146,1
147,1
147.5,2
147.75,3
148.25,4
149,3
151,4
151.5,3
152,1
152.5,2
154,3
154.5,4
156,1
156.5,3
156.75,4
157,3
158.5,1
159.5,2
160,1
160,2
160.5,3
161,4
161.5,3
161.75,4
162.5,3
163.25,3
164,3
164.5,3
164.75,4
165.5,3
166.25,3
167,167.5,4
168,3
168,4
168.5,1
169,2
169.5,1
169.75,2
170.5,1
171.25,1
172,1
172.5,1
172.75,2
173.5,1
174.25,1
175,175.5,2
176,3
176,4
176.5,1
176.5,2
177.5,1
177.5,2
178,3
178,4
178.5,1
178.5,2
179,3
179,4
179.5,182,1
179.5,182,2
182.5,1
183,2
183.5,3
184,4
184.5,3
185.5,3
186,2
186.5,1
187.5,191,1
187.5,191,3
192,1
192.5,2
193.5,1
194,2
194.5,3
195,4
195.5,198,1
198.5,1
199,2
199.5,3
200,4
200.5,3
201.5,3
202,2
202.5,1
203.5,1
204.5,3
204.75,4
205,207,3
208,1
208.5,2
209.5,1
210,2
210.5,3
211,4
211.5,213,1
214.5,1
215,2
215.5,3
216,4
216.5,3
217.5,3
218,2
218.5,1
219.5,221,1
219.5,221,3
222,2
222,4
223,1
223,3
224,1
224.5,2
225.5,1
226,2
226.5,3
227,4
227.5,230,1
230.5,1
231,2
231.5,3
232,4
232.5,3
233.5,3
234,2
234.5,1
235.5,1
236.5,4
236.75,3
237,239,1
240,1
240,2
240.5,3
241,4
241.75,4
242.5,3
243.25,3
244,3
244.75,4
245.5,3
246.25,3
247,247.5,4
248,3
248,4
248.5,1
249,2
249.75,2
250.5,1
251.25,1
252,1
252.75,2
253.5,1
254.25,1
255,255.5,2
256,1
256,2
256.5,3
257,4
257.75,4
258.5,3
259.25,3
260,3
260.75,4
261.5,3
262.25,3
263,263.5,4
264,3
264,4
264.5,1
265,2
265.75,2
266.5,1
267.25,1
268,1
268.75,2
269.5,1
270.25,1
271,271.5,2
272,1
272,2
272.5,3
273,4
273.75,4
274.25,3
275.25,3
276,3
276.75,4
277.5,3
278.25,3
279,279.5,4
280,3
280,4
280.5,1
281,2
281.75,2
282.25,1
283.25,1
284,1
284.75,2
285.5,1
286.25,1
287,287.5,2
288,1
288,2
288.5,3
289,4
289.75,4
290.25,3
291.25,3
292,3
292.75,4
293.5,3
294.25,3
295,295.5,4
296,3
296,4
296.5,1
297,2
297.75,2
298.25,1
299.25,1
300,1
300.75,2
301.5,1
302.25,1
303,303.5,2
303.25,4
303.5,3
303.75,4
304,306,1
307,1
307.5,2
307.75,3
308.25,4
309,3
311.25,4
311.5,3
311.75,4
312,314,1
315,1
315.5,2
315.75,3
316.25,4
316.5,4
317,3
319.25,4
319.5,3
319.75,4
320,321,1
322,1
323,1
323.5,2
323.75,3
324.25,4
325,3
326.25,4
327,3
327.5,4
328,329,1
330,1
330.5,2
331,2
331.5,3
331.75,3
332.25,4
332.5,4
335.25,4
335.5,3
335.75,4
336,337,1
338,1
339,1
339.5,2
339.75,3
340.25,4
341,3
343.25,4
343.5,3
343.75,4
344,345,1
346,1
347,1
347.5,2
347.75,3
348.25,4
348.5,4
349,3
350.5,4
351,3
351.5,4
352,353,1
354,1
355,1
355.5,2
355.75,3
356.25,4
357,3
359,4
359.5,3
360,1
360.5,2
362,3
362.5,4
364,1
364.5,3
364.75,4
365,3
366.5,1
367.5,2
368,1
368,2
368.5,3
369,4
369.5,3
369.75,4
370.5,3
371.25,3
372,3
372.5,3
372.75,4
373.5,3
374.25,3
375,375.5,4
376,3
376,4
376.5,1
377,2
377.5,1
377.75,2
378.5,1
379.25,1
380,1
380.5,1
380.75,2
381.5,1
382.25,1
383,383.5,2
384,3
384,4
384.5,1
384.5,2
385.5,1
385.5,2
386,3
386,4
386.5,1
386.5,2
387,3
387,4
387.5,390,1
387.5,390,2
390.5,1
391,2
391.5,3
392,4
392.5,3
393.5,3
394,2
394.5,1
395.5,397,1
395.5,397,3
398,2
398,4
399,1
399,3
400,1
400.5,2
401.5,1
402,2
402.5,3
403,4
403.5,405,1
406.5,1
407,2
407.5,3
408,4
408.5,3
409.5,3
410,2
410.5,1
411.5,413,1
411.5,413,3
414,2
414,4
415,1
415,3
416,1
416.5,2
417.5,1
418,2
418.5,3
419,4
419.5,421,1
422.5,1
423,2
423.5,3
424,4
424.5,3
425.5,3
426,2
426.5,1
427.5,429,1
427.5,429,3
430,2
430,4
431,1
431,3
432,1
432.5,2
433.5,1
434,2
434.5,3
435,4
435.5,438,1
438.5,1
439,2
439.5,3
440,4
440.5,3
441.5,3
442,2
442.5,1
443.5,1
443.5,4
443.75,3
443.75,2
444,446,1
444,446,4